11000111011100000010010100001001
10101000011101111011000000010010
00011110111110101011100100011001
00100111100111101000000011110011
11010101110100011001001000010010
01101011000001101100110011011011
10111100010011000111100110001101
00100011001000101000001100110111
11101011111111001001100000001001
00101000011101110010111010000111
01010011100111111111011111010011
10110111000110101000001100111011
00110010110010101011011110011001
01110000010000011000100101110010
01111101001001011111100010110100
11000100111100001111000010100010
01111001001101001011010000101111
11101111000100010110000110100111
00101001000010000110111000011101
10110111100110100000010011011011
11010011010110110101100011001010
01001111111010111110011110011011
01110011101100111100011001110001
10110000111111101011001100100011
10101111001101110111101111000010
11111100111001011100100101100111
00001101101100001000001000001010
10001001100100001000100101100110
10111111010111010110010100001111
10111100001100111111110110101000
10100000001100001011101100100011
00101100010001010000110110011000
10011001010000010100010010100111
11011001101011111000011100110100
01101110010101111111011011100001
11000111011001010101010001001111
11001001010000100010010110110011
10011000010001100001101111110110
10000001100001010000010000011010
01010110110110110101001101100010
10111110011111101000111110101011
01010000000111111010001101011110
00010100010001000101101110101000
01110100010101110000101110111100
10110011111001001101001001101001
00001111110000011111111101001110
01101111100110110000100000100101
11001101010011111100100100101001
11011010001100001110101100010011
11100001100110001011101101110101
10110010110010100000010010000010
10100001010110010100001111001100
00011011110000101001101110100111
01000010111111100101001100111110
01010100000111111001011110011110
00111010001111010011000011001000
10010100110000000000110010101000
00110110011101001000001001100011
00110010100101110110010111101000
01001111000001000011110010110010
00110100011110011000011100001100
11111000100011101011000111011101
11101011101011000111110000011101
10111010011100011111110010110110
01011110001110011000000110000000
00000000110101010001011001110110
01110000000010010100110111110010
01001101000100000010111101000001
01010110111100110001011101000000
00110000001101100010101010100100
10001101100010011110100000000101
00011111010100111000000001101010
11100111101010011010001111001010
10111101001100100001000010101001
11101110000011100110100011101001
10110000110000100100001110101100
11101111010111001011001100110011
10100010110110010100111011110110
00011000001101001110001000001100
10000100011101100100111101001010
11010011010011010111001101001011
11101000001000001110101111101111
11111100000110101000101000110000
10010001101101111001001001111111
10000101000110010010101101000010
10010111110010110001000110110010
01100111011100110110001000001011
11001011001101011001010100010100
01011101010100000011010101101001
00001010111101100110001100101101
01000101101100001101010011110101
00000010011100011010101011111001
00011110110010101101010000001001
01101011000000110111110101110010
11000110001111001100100001100100
00010111010110111111100000111001
00000100001101000000011111010011
11001011101110000011100111111000
00100000100110000000111010001111
00001110110101111001111111100010
00111010011100010010101101111101
01011000010101011100010101001001
10100000100010000001101011100111
10110100100110111100011111101001
10000000100000101111011110111110
11100110110010100011101100100110
01101011000000111100000100111000
01010111111010001110100010101111
01011111011001111011010001010100
01111110010010101111111110001111
00000001011110011100100001101000
01100011011111100110000101111111
11111011111110010011111011000100
00011001110101111001001101110001
10011100110010011001111100110110
11001000110000010010001101011101
01010101001101001000110001010100
00110001001110010110100010010100
11010111000011111110001001111110
11010101100100000101110011001000
01111100011110011000000110111001
10111110010011001011101110101100
10100110001000010000101011111110
00110001000011001011100101001100
10101000111010000101101000011111
10100011011101110101011111000111
11100111110001111100101000111100
01010010000011100000100111010100